81
81 671 324
671 953 631
324 910 197
953 449 720
631 61 884
910 114 28
197 853 865
449 471 916
720 94 832
61 872 954
884 762 642
114 249 117
28 359 666
853 548 707
865 222 636
471 205 64
916 847 496
94 809 66
832 34 638
872 802 678
954 714 880
762 376 978
642 188 824
249 214 999
117 644 248
359 811 470
666 628 936
548 491 402
707 926 220
222 299 635
636 27 172
205 126 573
64 723 375
847 560 365
496 610 797
809 387 78
66 209 382
34 788 771
638 701 532
802 758 732
678 319 384
714 571 77
880 744 46
376 223 908
978 237 102
188 502 828
824 754 836
214 928 128
999 133 889
644 687 219
248 748 207
811 278 613
470 940 705
628 810 941
936 925 562
491 516 505
402 963 556
926 394 227
220 238 121
299 177 70
635 552 938
27 779 265
172 608 377
126 874 186
573 245 656
723 737 284
375 341 918
560 943 345
365 544 604
610 431 398
797 965 233
387 161 288
78 255 670
209 725 23
382 196 510
788 769 834
771 211 892
701 240 888
532 273 80
758 372 215
732 616 988
319 235 703
384 523 14
571 282 971
77 473 317
744 924 521
46 595 337
223 558 734
908 108 143
237 838 455
102 487 190
502 749 371
828 882 88
754 948 827
836 541 149
928 380 783
128 51 5
133 154 92
889 899 277
687 234 966
219 252 452
748 476 129
207 825 991
278 281 815
613 486 945
940 373 653
705 311 289
810 612 740
941 152 757
925 165 914
562 689 439
516 745 664
505 974 75
963 21 350
556 662 116
394 340 711
227 574 105
238 694 585
121 33 246
177 208 535
70 897 793
552 267 681
938 495 939
779 950 366
265 990 584
608 665 672
377 20 805
874 418 440
186 961 336
245 789 413
656 65 401
737 462 285
284 629 767
341 442 13
918 151 606
943 360 362
345 508 800
544 620 216
604 459 355
431 156 139
398 857 586
965 784 383
233 221 195
161 581 83
288 736 290
255 830 979
670 772 2
725 607 547
23 199 297
196 742 433
510 738 461
769 968 578
834 409 989
211 624 498
892 618 619
240 261 840
888 59 715
273 310 393
80 451 367
372 335 691
215 323 101
616 667 179
988 225 76
235 868 546
703 414 920
523 157 654
14 416 933
282 131 407
971 11 305
473 343 490
317 985 120
924 164 816
521 89 25
595 633 724
337 468 514
558 52 869
734 553 885
108 561 680
143 533 597
838 176 750
455 357 692
487 162 909
190 141 352
749 528 168
371 429 596
882 583 12
88 55 831
948 391 480
827 424 127
541 555 660
149 472 791
380 263 228
783 603 497
51 717 611
5 174 931
154 79 427
92 588 86
899 759 17
277 296 719
234 735 739
966 242 1000
252 347 669
452 417 312
476 673 441
129 952 354
825 904 536
991 785 447
281 460 512
815 957 741
486 35 463
945 902 453
373 683 437
653 542 251
311 746 123
289 15 210
612 385 903
740 405 845
152 804 986
757 729 567
165 351 786
914 661 187
689 415 494
439 856 674
745 657 136
664 300 609
974 622 397
75 253 368
21 554 63
350 47 959
662 331 192
116 38 937
340 258 191
711 198 507
574 318 173
105 883 40
694 39 348
585 639 951
33 682 97
246 775 839
208 344 104
535 478 890
897 474 713
793 799 279
267 814 863
681 947 316
495 180 876
939 706 307
950 67 146
366 778 855
990 891 484
584 984 722
665 90 19
672 807 349
20 517 467
805 605 852
418 499 829
440 901 264
961 871 503
336 369 923
789 96 894
413 708 774
65 649 464
401 858 600
462 794 981
285 576 43
629 236 153
767 138 361
442 100 593
13 695 363
151 475 485
606 543 274
360 538 423
362 626 996
508 728 921
800 698 668
620 693 564
216 167 859
459 818 142
355 760 651
156 787 483
139 563 684
857 977 854
586 18 530
784 304 302
383 795 259
221 122 615
195 217 488
581 835 934
83 16 580
736 8 602
290 572 113
830 482 160
979 106 57
772 436 37
2 570 506
607 456 867
547 504 837
199 879 922
297 599 49
742 130 10
433 422 411
738 658 848
461 276 31
968 82 590
578 226 291
409 466 6
989 469 203
624 388 175
498 492 826
618 886 230
619 87 930
261 648 396
840 913 992
59 119 716
715 808 625
310 753 898
393 803 850
451 697 389
367 743 956
335 983 185
691 704 777
323 24 206
101 329 646
667 430 434
179 964 589
225 438 699
76 189 782
868 752 632
546 294 501
414 820 980
920 159 764
157 821 342
654 132 346
416 85 915
933 458 445
131 287 309
407 582 327
11 652 823
305 962 7
343 677 71
490 509 982
985 410 881
120 518 949
164 551 641
816 592 58
89 218 637
25 118 568
633 239 29
724 773 166
468 428 955
514 591 721
52 776 286
869 374 577
553 655 768
885 84 911
561 308 756
680 540 900
533 124 594
597 601 676
176 4 685
750 364 907
357 125 406
692 293 301
162 659 688
909 103 529
141 860 549
352 54 712
528 972 272
168 751 231
429 766 163
596 270 140
583 942 730
12 321 400
55 822 844
831 843 303
391 527 614
480 404 158
424 181 525
127 41 710
555 465 906
660 598 298
472 370 545
791 513 170
263 30 306
228 679 537
603 534 813
497 419 322
717 700 241
611 489 515
174 481 454
931 650 399
79 182 621
427 98 353
588 426 946
86 107 995
759 269 709
17 254 115
296 9 332
719 531 68
735 851 686
739 110 765
242 202 958
1000 718 243
347 44 144
669 861 390
417 333 155
312 675 112
673 912 781
441 42 520
952 32 169
354 420 862
904 260 696
536 812 111
785 268 378
447 477 36
460 262 870
512 72 457
957 313 69
741 212 733
35 109 275
463 425 587
902 842 412
453 53 493
683 726 997
437 579 763
542 727 559
251 993 864
746 50 526
123 444 183
15 315 524
210 627 62
385 266 878
903 330 935
405 539 905
845 796 280
804 26 550
986 569 229
729 873 790
567 575 866
351 663 45
786 893 145
661 446 731
187 432 178
415 386 770
494 224 987
856 566 929
674 292 645
657 967 48
136 443 623
300 647 875
609 702 93
622 932 522
397 801 3
253 927 256
368 147 877
554 244 95
63 944 761
47 519 969
959 887 448
331 896 817
192 201 356
38 137 421
937 232 395
258 334 204
191 806 408
198 295 435
507 747 91
318 257 134
173 213 819
883 630 314
40 320 841
39 392 326
348 565 511
639 148 450
951 970 60
682 833 634
97 247 73
775 99 150
839 500 250
344 358 798
104 283 976
478 617 895
890 74 339
474 780 184
713 755 22
799 643 403
279 135 479
814 271 849
863 325 998
947 919 557
316 171 640
180 792 193
876 960 194
706 690 200
307 379 975
67 328 917
146 56 846
778 994 973
855 381 1
